192
907.404041 913.187676
-519.491213 749.398019
503.960211 600.427753
-52.417918 323.590428
673.961009 414.305926
696.118680 15.566578
853.342093 -876.805484
-534.334123 788.159397
-807.030446 844.155573
606.970392 491.363879
-24.608934 -20.064569
597.333771 243.558241
-666.311467 -924.190725
844.706602 553.016287
-857.323292 302.554789
705.163206 -694.103297
710.253170 -18.206384
-849.638436 -521.400507
743.647198 880.681332
-973.994422 777.419503
644.732740 -546.366240
-305.554959 -883.525058
-813.687602 -1.933934
-640.227227 -801.266702
-345.327465 182.269509
-162.723223 794.391180
890.126300 -315.864074
-418.730727 290.362435
-346.025999 160.356702
274.999457 446.005431
-834.304752 -896.460644
-474.832135 976.665112
199.148425 385.010235
559.723612 -318.539507
536.655924 39.100324
-2.210673 -617.975183
-389.099185 200.035545
398.630347 -547.599966
264.577517 976.185319
-490.844081 221.168548
357.987391 -603.356948
-67.707584 957.764044
-911.423403 704.756241
-120.395150 528.639777
914.363785 -66.230796
507.628144 783.886205
-254.959507 786.809435
302.993738 982.015860
191.313105 180.655612
352.572671 341.191995
-274.739995 -253.378231
-384.305758 521.762213
749.121518 -118.385407
-213.117566 -181.463460
959.443027 740.007485
535.645702 -729.229283
-382.261838 -675.461302
286.788599 -102.395107
-172.353088 134.827230
-211.870112 759.352096
898.765439 657.530820
-719.630019 528.275275
879.834061 509.310919
233.087281 -590.243462
-705.112188 -938.159679
612.576544 443.894927
-437.807043 -72.371716
-584.260499 -809.997147
-171.286179 -896.903744
-345.539922 597.370203
665.285705 -397.859240
237.495245 -213.748583
-52.855808 754.952282
321.445966 447.770375
762.776446 64.995743
211.756348 477.602056
551.638514 181.519885
-598.600283 22.090955
-147.620698 714.685093
971.780972 793.823194
-885.155445 -254.117470
-196.769576 -573.190391
76.440473 472.818093
153.814125 730.515344
912.220596 -783.761431
509.692483 71.603996
-8.292696 427.728047
-491.813726 -204.485371
229.124660 269.133786
594.359683 998.799082
974.941968 244.249479
-970.496540 -769.381265
-663.608105 768.575344
932.118123 325.408050
385.985851 -338.501866
448.943354 -38.846178
-332.089330 -321.346236
-59.536499 -593.146797
-572.861776 291.478938
-233.993240 649.900510
-696.075705 888.210745
-739.846942 58.348982
-267.852604 -242.852480
190.395096 -997.307575
451.465903 -820.863558
-489.392489 444.885018
398.213738 761.559824
824.752954 164.295113
916.357239 433.792158
738.661354 -205.663677
-951.574324 -631.045967
750.708440 206.636341
126.995819 -680.486456
929.591366 87.999769
884.002802 -726.242063
-959.040778 -828.655934
139.111377 619.859363
-49.535933 583.554876
293.367311 -111.909919
-815.239456 -523.675262
-215.927550 -306.265902
449.796347 112.162223
15.664024 -97.852502
-985.179584 980.407521
-782.043500 -562.804087
854.104533 -80.081375
-181.029691 -413.210741
696.323189 904.409914
461.928282 -271.447380
458.656296 -383.584601
992.154782 -256.062899
-878.376053 -763.428680
-641.078282 -587.128363
747.698909 -553.409238
434.516279 -356.650469
-958.262591 -506.231920
-98.519683 -263.987425
109.105858 -577.131853
45.770493 965.754276
-942.512806 605.653054
420.073684 740.134089
-275.397754 243.886092
-12.918554 -611.532900
686.398566 424.432475
722.129770 -695.356011
108.341471 -988.839168
741.301179 245.326985
-703.796600 299.987948
-644.290509 80.255161
832.147946 923.934121
361.863206 -976.198564
-513.859654 590.795323
-559.459049 -527.299947
603.357571 -119.423562
-739.846407 193.277038
895.570830 292.985406
120.853332 -261.378326
146.402075 -857.952797
-397.115839 361.067992
31.439881 -985.283101
-331.507457 -917.528464
477.661357 86.445872
1.602125 10.888055
-71.976346 -40.685118
-253.297588 913.437945
-779.812848 -284.015589
697.745925 -639.025150
890.251753 -762.474038
-109.572167 -972.391348
-469.744255 926.034496
-758.510026 -991.363269
-586.398256 -527.355735
-87.727053 -935.535878
426.647608 -533.803138
-414.541430 444.639635
232.860753 -351.240070
-80.381181 155.957483
-921.151968 -459.310642
-401.747863 -556.952618
556.944490 812.193824
965.973887 851.864338
623.728143 -832.699435
358.114545 -371.289973
-993.686548 945.915464
-762.031914 762.729147
453.580750 205.460892
-356.182069 -403.375072
109.238654 305.951568
-486.778117 519.768644
796.425886 -27.474286
175.987221 -1.427360
27.544168 -294.817871
