208
152.016519 -402.461966
82.021620 405.750433
-847.800616 240.356378
109.285851 -49.638482
632.718586 -758.334834
-193.837660 -404.867143
-290.493761 -746.959744
652.949771 -718.398605
975.814108 510.626928
135.424397 -762.498681
-658.523613 832.849528
-126.738389 -17.061733
-773.872937 -674.385657
783.819769 25.988119
936.439754 -128.547107
-835.745667 -112.097317
-913.352619 -187.270062
-849.143748 551.556622
-205.641762 715.307596
886.572977 31.636976
-286.837226 -784.147780
542.406174 -495.981788
-234.094801 739.754729
200.497178 -927.672676
335.873657 505.899295
-500.450440 379.456657
-622.504244 -150.892874
-734.174905 -480.843289
-810.259364 -732.560143
-411.524331 930.292398
-87.752899 625.328843
-195.890559 515.116562
26.804419 504.553629
-866.208734 451.023967
-140.448656 542.028008
-236.511228 -429.228992
972.390563 -907.515458
-634.030662 805.117989
-313.380643 -913.361723
789.419740 914.467497
-967.403038 -191.591248
-15.625674 673.341103
68.995299 939.578080
794.710990 933.822036
833.998965 200.245706
-22.289079 -206.389747
-897.995811 -496.292543
-635.683395 443.791459
602.802709 -807.390708
-58.149040 -996.182152
189.064726 327.765008
-489.901020 761.535029
-849.166354 -258.235240
-331.134678 -127.411608
-591.555056 -587.205672
924.730569 638.166071
-160.885554 -565.030114
823.184279 706.229555
-151.272782 202.808823
624.377339 967.832900
-16.075447 -889.010095
-267.029156 -267.175862
944.544825 73.583704
585.848908 -610.684108
-946.204387 -79.601135
320.225754 123.879755
468.067448 29.534376
200.030140 150.003536
-901.035385 -711.552722
-435.535577 -839.927716
-742.785712 224.685041
578.977554 654.068040
-6.565696 71.878458
357.303554 810.483292
232.375374 -791.450090
-901.776030 -443.933259
222.501465 960.004658
400.453536 -192.040739
-584.799393 700.733626
417.546066 565.444842
-747.493987 798.429343
-884.792715 -699.610902
-715.167804 503.132339
-324.890800 -386.806306
-106.791958 333.828379
-707.491495 974.188977
312.645198 425.040703
-411.464955 389.104568
-949.850510 412.658752
516.361570 -142.783472
181.992732 944.227851
467.629094 199.309064
-96.608362 -119.533748
643.989457 628.106630
-972.400367 799.904951
837.575276 -739.212093
-862.083533 -27.738403
-356.833915 -757.048991
-815.759402 17.300447
-397.438646 -797.595702
714.104079 -942.972617
949.732522 609.328539
755.180137 398.449765
-334.175807 -402.741700
-60.065850 893.466107
-315.453394 -437.831078
292.500030 -793.676326
359.156701 960.562852
-812.740847 249.509792
-820.490782 853.903516
686.217382 498.072125
-485.978203 -249.968179
-430.626673 20.673995
-453.035599 913.466029
632.428534 644.812831
-592.283523 -845.821256
-34.154604 178.301698
329.306965 -579.898235
577.387063 323.550363
-722.633402 -109.622293
2.714914 748.821139
148.786904 -213.936710
-951.594818 620.644614
-64.286532 526.535719
938.871362 -827.170957
-535.272623 -862.346305
319.564281 573.138588
-97.221434 -753.702376
-241.711575 390.996540
-107.456937 -735.763591
-781.587191 890.684001
-466.988371 -389.211214
370.549208 879.932469
-977.116285 -683.533892
-46.095536 -249.708047
300.663157 -997.840007
473.040423 935.192748
-349.403722 550.873418
418.490611 -917.176356
-8.128295 -349.826354
535.477711 319.924864
55.387332 733.499889
509.214190 -841.026583
472.139697 -718.299660
192.098308 -651.881783
-571.462633 261.334680
-171.388180 -729.247592
-811.249300 309.254319
-893.930393 363.225189
939.135446 44.429914
333.865696 610.857240
497.287185 -864.101809
-396.327814 956.029312
97.283979 70.039251
701.646793 715.193906
805.062753 -784.400237
-244.472557 770.874839
431.227166 806.650989
-506.240921 -278.046669
-538.779250 -7.908397
-894.951553 -559.967613
685.819080 -177.259867
226.936359 -232.912552
-80.228237 338.246085
83.397055 -231.427215
483.342696 -243.139268
-442.659094 531.533347
-277.042883 -718.746466
115.536052 389.779822
460.958451 -341.200612
-461.432352 446.777351
933.157947 -155.975113
290.552274 961.669141
350.365872 439.630997
613.080988 -653.583076
-904.555731 464.221336
164.242518 -883.585621
630.152011 257.679970
-157.288237 -883.397571
246.362907 -673.006676
-818.004961 -23.307932
651.053434 -94.296882
-160.421649 -182.580158
543.369809 289.915416
-448.318060 445.015886
-713.431920 -230.707971
-410.053529 756.431346
994.214650 -471.867713
-340.452422 -475.317409
-246.999577 -882.077538
-56.606260 182.787854
702.573103 -777.259269
-942.760592 486.281978
-779.346091 -663.484014
-547.371982 994.014528
18.869291 333.985518
-889.103795 102.570204
653.781959 -390.912858
508.173119 249.901398
-868.561217 281.059713
-931.907322 -260.738976
961.223533 -478.289353
-232.172169 30.934126
-199.937459 242.254993
-509.942945 275.517128
482.557031 901.915877
579.049499 358.138598
228.937889 53.107169
