128
-77.615015 342.213578
-970.573678 -659.626848
315.623356 -445.745178
-829.874277 -325.748163
-548.563800 -596.120888
445.125496 -348.657444
735.775860 80.219672
-706.689122 212.034126
-123.103489 116.284819
106.492302 -768.273643
-303.177000 65.464012
-846.640347 369.843815
-903.459874 695.132181
803.108743 -36.325821
-325.228112 -922.637174
-176.776866 -210.888496
-600.801809 461.705383
-463.702971 458.470107
-172.336797 -805.589316
-312.567230 -681.096250
8.365975 -149.711378
-733.793466 155.253607
-554.652461 -932.811411
749.118323 -641.351818
157.035955 232.725471
627.062880 285.910943
558.025325 -566.053805
909.195793 3.026320
-682.389876 705.153049
713.638960 160.626679
-585.974943 -792.404845
925.898131 -827.330680
-289.739028 -279.249574
-991.351251 591.678713
-107.079659 18.259892
-39.086162 109.918674
-901.116321 -518.459192
93.752637 172.357304
-266.116692 270.367917
-400.435225 967.695410
845.205316 215.114366
357.175818 541.576727
-733.598285 -640.850088
467.821913 -295.490718
982.081533 450.468483
-956.953558 -863.985837
-918.677527 -911.927960
-594.432723 -919.610343
553.796318 -136.085089
698.250996 427.524452
161.407016 -768.607871
658.910555 -989.811892
-113.426668 2.481112
921.609197 -138.970320
986.533536 106.700008
-529.191997 96.744200
-256.838286 582.820096
344.505290 203.368086
-733.348784 -511.163422
-359.582576 293.211069
-569.128269 693.671150
106.797085 362.712196
511.943190 812.819344
-974.204641 -34.836922
-884.129980 898.363071
763.126044 708.006372
211.253554 321.038024
88.848636 -118.222117
-918.853712 843.698853
-530.326636 -182.343900
-715.673675 168.801930
920.170699 348.161456
50.400482 694.828966
-62.933745 -332.801087
-833.040968 -766.004883
-402.158190 -621.908769
98.165574 529.623406
496.748536 771.702615
-521.465435 -144.544991
160.909980 43.342649
95.665685 -846.064314
-21.227686 -285.448313
-460.146294 179.082211
-626.549603 -143.317844
896.317421 532.972968
-622.224013 13.311733
118.301614 793.655545
151.082374 312.299426
-56.924130 51.493795
-600.993693 910.711312
-891.598759 -380.659719
100.805087 899.068330
575.159052 743.856930
-803.337777 -450.170984
-109.756543 587.979150
632.949377 508.548890
-436.912877 -361.007278
720.022931 -22.243702
897.731513 -387.024703
163.514627 696.906596
-501.994204 -598.196168
-929.544534 -969.157821
-75.219978 -828.255103
-330.948066 -66.670421
461.516518 -592.627274
-217.623777 -97.191775
-435.613246 -44.507006
-533.690448 -982.405792
901.838270 886.242231
977.726014 -693.584084
-939.447782 882.010086
-195.673586 770.648480
229.056329 952.396850
526.603550 -15.768074
132.517417 281.153016
-516.178885 487.637953
710.887257 -300.873737
-953.225279 283.601615
337.965702 527.466660
-535.152563 71.318053
657.350278 13.652066
123.360762 480.634463
-361.764509 -569.400854
-679.748252 -510.226380
862.346481 943.116663
-341.391422 -60.942475
741.968275 675.140790
130.681439 -109.914443
