176
-538.957946 -153.711681
489.315709 508.619510
705.053080 684.849889
-708.177339 -662.615007
-237.548856 827.584558
476.912878 672.965766
400.510457 723.483609
665.082076 -530.661009
135.677279 -444.608688
194.641031 422.503559
-305.694775 997.342679
980.841359 -715.956283
900.319633 800.527653
-559.088260 873.758543
-994.823220 -289.422653
-363.088431 482.388048
-34.201213 -631.777302
-101.026521 305.603489
423.590599 129.306307
916.978570 198.309180
110.447559 129.424639
631.077256 325.337889
-451.400524 485.184702
892.559488 978.126138
229.406334 -458.374856
-575.356522 884.882019
522.829839 -980.218011
-740.587754 302.295107
-149.827617 -953.857946
-8.148798 312.337413
-431.225031 651.143454
314.232649 580.625057
-317.571292 -716.411930
786.565835 -214.515107
-330.398281 41.841129
-823.078527 815.772232
109.048112 -779.514030
439.379129 90.455188
-693.357544 -895.523091
275.965469 22.202009
759.743918 615.746660
276.939073 369.576254
699.020497 -754.164290
-732.316701 234.553502
-794.380489 -990.147231
690.206430 -387.649253
535.472063 526.928495
842.165344 59.168645
-842.977968 544.780073
878.232500 847.769866
371.910679 -986.233311
-602.582799 679.089359
-437.798812 -89.701133
-288.993857 -334.616922
-713.213982 959.223071
-477.216502 -568.278002
814.626136 -546.984476
911.384901 -623.623431
-394.287785 -84.463612
500.672244 -276.998192
114.811368 191.029913
-964.451360 -994.694188
987.128665 270.560074
-163.242296 -294.942426
702.826609 -866.001572
-220.687209 229.468177
-702.093850 -90.742872
609.188254 804.812313
406.240391 258.006941
-547.432349 -839.663900
587.407038 -111.306190
-151.909165 -172.362863
-936.117940 172.874800
968.663186 836.579760
-880.422296 -35.585636
702.251046 726.177407
208.794402 803.037259
-701.404416 -292.001356
-303.644748 -239.602876
-326.629254 569.958276
460.425769 -280.377821
-965.173759 -142.852078
84.885938 899.553505
606.233582 33.516387
546.922082 11.877394
-102.232268 645.087858
-640.474776 542.895527
-80.209718 540.145867
-699.380570 -373.977903
-264.915606 30.111904
721.745718 544.803776
930.564691 -834.759309
837.090975 -940.131907
-581.771788 -957.172389
150.200208 -902.953155
-34.401712 124.701899
-861.506232 -411.217442
864.942077 733.193581
29.088319 430.780570
836.321059 -582.395823
114.826295 -966.002755
-676.864279 -588.263018
121.610152 -328.464135
-135.240101 -251.121631
-107.204596 391.537102
558.119756 -154.624942
185.189418 -166.620760
-403.701996 251.810841
328.186962 -788.902760
-420.820180 -454.027554
551.709388 779.093447
-638.327675 -865.649382
-41.804992 -430.745226
-15.151262 -492.190994
267.935426 -715.344073
644.413682 -643.715823
248.991614 229.284567
-660.482145 381.938947
-512.466216 -240.543059
-135.941234 654.224324
-715.674472 435.561939
-179.117997 -161.725635
955.623683 -335.129215
105.557860 -890.437612
-373.023740 691.191964
217.154718 -19.810897
-382.628324 -120.661788
111.560743 -442.774486
299.385298 -623.789768
37.186086 628.832638
-411.663327 -66.716640
-362.827812 -720.866870
-437.243310 -834.079781
888.879496 -467.037780
724.410717 439.910352
284.501473 285.903768
17.249975 890.749034
834.513337 -918.064831
-968.898503 233.740588
-74.018989 -409.529666
975.119499 940.740126
-368.781058 -351.363118
150.288803 -552.231098
-64.232235 926.480120
426.398404 642.293685
-792.742705 54.824169
456.757912 -847.624001
-702.368075 -313.248417
652.791272 -509.421867
703.916883 640.750726
-853.673066 -14.134380
498.740508 -114.251125
-994.274022 842.223752
934.549165 -94.804126
490.676695 -358.805963
916.769311 50.373471
454.769621 343.012668
-953.564391 765.929462
-231.206409 -658.102192
-399.020817 -210.177840
-768.259207 -362.541053
-624.746748 -57.921203
-550.012311 -245.951673
-891.987941 902.591054
5.124163 883.835650
-116.737338 -726.323081
535.435382 -592.843252
519.785245 -925.962761
541.629744 898.570246
-443.939231 -168.088410
367.945664 467.950672
55.239145 -714.313661
-472.517980 180.666901
283.674173 -898.144821
817.259270 609.502748
47.198523 -181.744743
