288
-649.701227 -662.802551
-894.883783 -360.977759
-98.683219 -436.348522
619.637098 -762.535496
22.326474 -896.554995
-64.714829 385.701362
-264.339300 250.786464
721.345179 125.356104
263.216187 400.678351
-824.205517 493.625896
404.108254 -2.943982
322.196657 181.770324
402.518211 -462.072509
-485.269392 -448.801215
-932.670018 412.679242
-408.098144 -110.223386
483.437289 -262.870782
-260.526404 -270.050505
-676.119957 -997.793932
-465.065163 -989.232402
-167.220720 -472.003362
-913.447618 -252.829459
868.884804 345.113300
164.747753 747.084916
870.976072 -271.251547
66.832483 429.807290
-579.291500 868.195043
961.644695 299.470911
-386.106102 608.006891
-162.669646 -441.093659
964.256751 -652.724852
687.557558 -31.753263
-284.272369 -693.901638
-320.269922 -441.552926
416.060284 -118.607193
309.201301 -634.879146
581.536902 130.436894
356.139749 477.495400
-226.770391 898.818556
791.269342 -825.993320
14.494266 -4.158745
761.235064 -285.303722
232.360556 -407.320785
-762.660957 49.772119
-213.158707 330.860919
575.339352 -47.966277
319.377868 -42.302562
-516.160720 63.146099
-640.976051 -269.424193
914.387803 902.627694
141.437969 679.637317
-396.462761 -331.460186
962.107435 -628.809397
654.092555 450.555325
-673.925674 919.907139
95.599359 -443.285079
-13.983168 -698.912886
967.819684 2.782821
-19.991299 170.956485
-558.136015 -599.910522
671.575918 -500.118806
423.954959 558.719855
-154.544475 -147.822810
380.279639 305.469955
715.329394 111.015897
610.841650 -803.345410
-507.872295 157.345758
-469.952332 657.834827
376.216106 -718.941852
828.400722 -935.010663
-141.190210 -259.781255
-112.436393 139.435870
397.174624 210.076218
363.161402 56.589017
549.294175 407.983838
767.978498 694.858840
652.928750 779.355820
-104.930627 133.457052
386.798398 -812.380997
53.043185 103.175417
499.873714 -736.105836
-617.557998 -764.897836
-585.873881 505.127487
777.587458 -430.409154
-534.335215 172.502102
261.444715 -534.360619
398.977088 986.553602
174.471650 523.057841
-226.764909 -881.223621
630.122408 -792.727539
-46.757306 842.207982
-623.243874 0.386298
12.408086 -259.798527
837.258319 308.170373
12.429310 230.816657
916.460704 -385.359907
-302.184718 -748.052966
-701.140334 792.314709
-406.573356 136.818943
731.795617 939.165130
-531.514580 -505.681823
-950.954759 -18.017375
955.950251 -636.939905
458.765262 -520.502755
-834.748067 -323.328468
-756.234841 -312.049217
895.122731 815.553197
-774.625279 711.453877
432.471032 789.732705
776.226416 869.163967
958.274078 -493.433341
-593.143245 619.193176
872.483103 -131.740455
567.888207 283.424760
880.113150 -6.255220
366.285393 382.964472
-664.252543 133.101347
-624.139490 -709.509297
-915.741792 92.000928
982.524183 253.607543
499.478153 738.539451
-591.881961 636.718211
-888.809358 -189.300628
664.123514 94.753346
-734.547857 715.171074
-100.418898 987.279456
898.351011 -948.311625
-708.142808 764.577230
152.628734 -819.520319
-140.631729 -87.841491
169.873841 63.782896
-709.763957 -742.720606
125.489793 -252.916404
-412.353223 -87.585303
-697.965617 522.081998
-131.459758 -538.216053
401.061204 -736.759080
18.953534 885.025460
-487.577341 722.738480
378.976209 -271.020908
-343.689419 -751.852975
672.155549 -507.946170
563.699070 -602.274728
-476.863033 198.007957
-413.157353 -453.794121
-218.377682 42.419809
-135.301035 -552.054080
-396.008005 -989.703874
533.156864 201.878197
257.739293 116.248793
349.686625 128.183978
266.336167 229.465577
-945.877464 874.174209
49.075638 -716.252402
-172.488121 -470.293400
630.670534 439.739688
-478.014402 677.885581
348.586687 551.955324
347.467698 586.489175
494.561364 263.151147
-888.622788 454.634858
554.713821 -625.888572
-933.170028 -118.354010
-551.034026 807.254774
656.249522 609.703232
205.338385 -986.902571
-486.812589 915.545375
-213.947608 -528.152051
674.918448 -518.091053
-169.174181 -172.691364
-267.399463 -68.018188
329.502624 -658.899172
601.780343 789.129387
546.836553 618.037480
-197.076993 770.297118
960.744137 263.200592
-319.710674 -409.019175
-861.356716 320.748731
783.109637 -161.599162
466.182140 -635.902284
598.203257 174.801284
-876.399958 -489.776244
630.872589 -56.467658
-205.204197 115.963558
967.699510 92.877705
-293.462060 222.009905
-583.569326 304.365120
393.748547 921.462404
867.135687 -555.039469
115.318653 685.253759
538.942127 -439.041295
-958.482768 11.389618
574.398602 442.665618
867.999175 108.310551
498.745584 581.176164
404.358922 15.568374
-820.741422 -320.045748
-470.538785 618.612771
156.954847 682.379772
990.142865 38.920999
515.170043 367.178683
619.966695 -673.955799
326.804240 -183.690290
-136.122704 584.919246
326.459653 -285.724278
-545.272707 -514.120170
876.085867 169.840873
420.674316 -820.003992
-22.428650 -59.160582
846.039178 807.440433
-413.526050 -273.939439
655.451830 654.551873
707.831143 240.181640
438.592378 -210.569708
720.044017 144.500693
270.633839 395.984445
-640.345860 404.015549
-971.288534 -309.611057
-902.488466 990.255941
-863.948883 -162.021352
675.043701 377.004782
959.438948 -17.923587
-767.147563 859.714356
431.271309 -852.221239
368.879173 -416.585916
-633.579100 -494.571564
-743.250649 120.281261
-265.097403 -762.123417
-116.463350 -20.559913
415.721135 411.327860
948.654508 171.915299
297.897038 295.209708
363.290667 -744.353098
-116.645480 643.505494
696.807805 -211.192664
-474.919269 -23.751702
630.607592 -89.283469
-841.150559 -989.284587
-698.439485 884.669984
136.685167 615.192374
76.047900 336.182276
132.962276 546.205840
576.514799 340.134433
462.416752 -527.967018
-416.923996 -890.126145
-979.630214 -536.333488
-881.307868 -337.124527
-746.273198 190.384491
831.445359 -183.512050
-386.036806 -798.858476
542.623219 -937.180411
-170.757730 -597.537363
795.574201 720.208719
-970.337910 -310.680302
293.854994 -970.793257
-574.465456 -822.390159
-74.949405 604.771818
761.077444 732.855584
-728.753098 -680.997543
679.518904 -945.437061
282.590782 -983.033331
318.336976 -112.383299
911.967120 915.409208
-871.135011 -762.254264
652.420817 649.047774
-896.080587 -286.782642
-542.958315 -703.110865
-430.704431 46.101786
648.020319 7.243208
268.889680 -0.455051
1.759867 -223.495236
-140.604202 -911.570744
498.451639 45.435474
981.033857 -7.539641
256.525462 512.938154
504.509886 -116.000928
910.636069 -691.217901
-552.222233 -249.096308
305.437898 71.086251
855.412558 -127.926602
-937.552469 -626.595593
817.604089 268.741222
-113.760072 864.207588
-366.072681 -883.453325
-356.714768 194.005085
-883.227906 607.724694
291.953445 24.934837
-951.452999 604.614773
