160
52.662687 -243.072160
130.939969 130.109352
-762.806657 -637.268755
234.000064 649.257338
812.862754 -941.116975
-72.626110 -931.039940
602.229947 45.965077
818.086869 222.131345
774.597574 -887.359875
-829.377128 -730.379751
280.121190 274.971734
680.801723 -167.319251
168.104166 -916.071895
-155.614573 635.870034
296.984439 -784.405990
-375.786558 -454.908567
908.036570 131.849527
203.849632 20.209195
-230.092301 -873.277755
333.262656 923.665783
-467.781759 492.109357
-53.090640 -98.447547
418.746093 -488.147575
390.421596 240.318185
-879.227207 -447.453748
-492.084368 -586.960781
-121.169308 -984.694466
721.852900 852.577379
947.827612 208.545330
-417.958389 -420.571203
136.321629 -329.212830
-815.318925 26.440285
192.140360 -780.413442
-398.331672 -483.662339
-301.649848 -322.212293
-641.417712 699.613007
147.680810 670.736315
-237.040892 -963.014625
521.683042 -418.471266
642.922332 -584.948064
945.646905 83.297504
-338.196924 -741.653741
-446.847450 -673.257116
-419.475482 263.478306
-797.436744 502.386565
636.450845 856.988839
754.774530 341.133366
467.486662 -915.212784
-528.177092 933.338007
697.463715 973.258725
-74.822781 -915.283440
876.511071 -875.476985
472.368676 -973.188459
998.926798 278.874693
382.781389 419.018294
-546.900198 -386.643899
-992.911475 -177.968918
-950.216579 -359.931786
-881.172253 -518.139429
-906.278335 -964.273094
911.398417 -498.558167
-504.381522 887.471869
909.075264 183.083181
-362.667971 991.343644
-101.105592 -572.782773
-780.059691 770.748845
-797.180599 -167.154709
-509.302065 487.621764
-682.685412 -502.833616
-375.363176 117.205297
-943.425630 414.340483
191.076704 172.421560
-714.750671 -720.589815
527.196562 -337.818605
-423.530221 -826.750921
342.629653 -345.986702
172.382734 -53.489873
-297.550726 -670.259527
268.104539 -216.864354
-972.694167 804.590284
269.086925 -709.334372
917.363862 -873.973392
83.334888 741.555523
-882.340478 289.571318
-129.391577 765.623491
953.891851 -518.705605
-29.394943 -147.305016
-418.799191 185.259366
-419.834412 -714.077700
-564.206335 746.938993
493.562333 -522.080108
-574.135785 233.103592
-141.438916 -527.513675
628.673049 -8.181358
315.305388 952.051535
-876.337344 692.269819
650.572506 -528.649687
-893.484599 -961.566678
-105.603067 -768.109785
-458.059004 -806.348555
-887.167572 -306.672187
-600.192136 -267.324262
-665.030198 -58.800186
73.075175 889.852330
612.684659 -798.361472
-494.823469 -787.743297
-4.063391 -473.826433
145.247448 771.548709
-597.247750 592.411272
-493.846611 -713.894136
-218.385493 834.811298
-564.579933 89.692682
122.953079 -997.069184
-46.233345 87.304545
-648.599451 -878.135441
-250.782938 -46.885459
-872.174048 621.227728
-598.229162 -234.329444
254.520763 -685.307417
824.968209 -885.894446
958.530631 236.573315
118.510286 35.358991
92.914515 827.968222
-964.346087 -993.987097
-360.353293 -426.289100
-118.825469 -970.393907
-579.276321 655.350436
-379.836349 56.638644
762.815459 148.557825
514.411263 770.302931
-161.410177 367.085401
471.344557 666.131991
100.744609 -643.227913
-561.519097 -820.146826
-366.051109 936.819986
591.726896 581.280035
683.103265 781.162671
367.187127 -579.353232
-518.539766 574.952395
-32.829383 131.875984
511.961038 238.665553
-194.807725 726.597642
601.226450 -497.421236
59.893309 -90.777041
24.781436 511.321592
-227.850016 173.901631
685.195068 -726.489882
-46.746668 472.630386
-392.511815 -272.528331
-610.162081 -531.316235
-607.981982 -351.619014
632.001285 351.468503
588.405615 -261.939182
-801.377440 626.875525
38.096877 790.526631
320.293870 415.458949
-256.926703 -558.263445
721.653753 -377.325374
306.715101 -626.289010
-889.831450 -445.736456
