256
-529.000126 -784.333481
787.206241 471.311954
-229.758919 -848.141262
830.020317 -27.787815
667.394896 521.067019
-424.073553 -450.467947
-696.700771 -32.731089
499.160172 -376.973696
-392.340698 160.468545
-237.602068 -220.386706
530.650986 -349.123259
-233.683533 753.899088
-134.646443 -986.929375
372.454598 -483.873979
132.008188 664.883176
-501.865739 358.048832
625.759469 -59.328258
228.518376 -703.862997
244.783983 507.941097
273.490431 743.620866
675.335870 -365.889239
828.295762 72.230384
-343.437299 -255.129453
273.082233 -208.187603
-670.928172 -773.708268
792.759545 -101.070135
70.702320 -693.889686
923.162243 -576.350465
633.556873 -251.811631
-490.840670 914.591734
-993.082632 -619.426207
-902.372006 -25.080769
-850.555953 -9.531395
402.673331 -676.288043
97.783940 83.150826
-806.697689 -860.692642
-17.282592 911.596873
842.005067 -22.573516
476.051213 -570.270749
261.848687 721.606574
-382.272285 607.750297
785.026694 -432.708436
823.134069 128.124422
909.088669 -993.166545
335.986306 59.009503
614.911806 -19.666786
827.056717 -338.227678
-363.426954 -52.277740
-420.107275 581.006951
324.422307 774.550653
-144.040220 -112.276974
-912.719095 -492.004631
-583.619845 616.806519
-136.970770 -931.441440
-720.606867 15.656148
-279.380810 -238.740552
-636.395996 272.942844
472.388524 654.327217
169.309800 -227.480686
212.215490 943.466263
-153.278585 -204.165179
117.332371 -437.517192
406.541478 285.343321
107.541788 -857.492329
5.915009 201.346520
-231.209381 903.520518
1.250789 -837.138469
-932.911350 263.403560
-480.533126 295.051349
-203.879868 -293.461368
515.416574 143.560766
-177.396627 921.590590
-225.846986 -593.241816
681.160046 608.336134
846.153756 970.492099
25.506247 -638.996260
518.637270 398.131898
-280.996373 -916.807049
737.588620 -569.441581
-548.665227 161.379264
168.491679 -865.347879
-357.764705 -102.666634
-984.756087 575.557170
725.558103 -338.626888
217.668162 290.620096
-119.465467 400.626496
-381.365036 972.886975
284.895779 949.133788
-159.748993 -905.365280
480.625235 446.797599
-786.492328 880.130779
-461.883597 -268.226049
-659.702469 126.732078
468.519673 -707.682714
632.522624 606.828507
-831.152511 -700.982589
-660.615959 677.397492
291.680657 -299.879060
48.037000 -704.100761
487.725808 848.946490
-718.950956 -126.391767
766.222882 -6.160361
-163.369427 56.691358
-700.115769 -218.618242
-510.810376 460.333502
-529.634070 -253.829919
-22.093913 715.171742
963.819206 -457.719838
-882.876848 -769.625789
75.575996 -290.458032
888.674764 175.356146
555.465049 -941.315392
-525.987140 308.286990
878.786786 -979.624282
-553.053695 813.543798
496.676984 -482.295217
850.954796 -630.783587
-545.480566 237.508195
-106.635412 -331.400124
-155.977338 506.260557
255.165036 993.178588
-174.870749 608.585422
162.442089 283.767778
-472.887450 -866.758150
-340.567591 15.515276
-282.162574 443.779186
165.921753 -662.915694
556.745833 -612.846953
-80.417546 -467.406226
728.298824 627.371017
-451.313001 434.655964
495.298090 -237.169073
-0.442450 772.443915
-777.311119 -653.792544
186.104500 -665.101861
807.565263 576.813413
842.833451 -975.051496
947.491745 4.555824
-799.397188 190.955257
-422.171712 -854.166968
273.206617 -182.388544
661.283136 771.018485
-182.075397 224.130134
-829.990455 727.567069
-292.880444 -395.910503
-554.112877 467.752613
-712.124037 -389.217553
521.408281 -549.390067
-550.957528 699.191136
713.550738 632.699905
863.062613 -930.322240
78.035792 512.279401
343.372381 -333.483086
-8.597999 14.973528
-158.316601 -169.510677
474.562706 -438.435361
534.552457 -314.026207
415.123396 -180.077979
166.566868 521.282995
-126.433294 -384.030444
206.360994 -711.793494
441.231833 -85.858881
150.399767 -623.634834
991.289783 789.651129
120.358037 292.708951
713.533364 776.647063
-633.491354 -937.822317
-352.548348 589.464412
-1.632272 378.020102
-849.644377 238.178256
-336.112598 -427.579478
856.352026 547.874203
-858.090196 -504.669864
828.400637 -52.766736
619.936021 -595.138337
769.137802 -494.078013
-197.944949 657.488499
238.674378 -969.780735
-495.168294 357.434051
101.414898 -772.385816
228.153699 815.267667
835.241968 526.998286
61.251350 -481.101686
-508.845646 767.979004
776.993601 325.034830
112.487186 -575.311756
-951.767299 -902.192264
798.149453 -403.833836
540.839111 23.541112
-292.819379 -677.992051
435.425104 319.994338
-235.552364 -90.660672
749.722055 -461.598743
-472.152252 -311.380547
398.843899 198.992708
-572.170975 -703.352588
278.074167 238.227209
-668.539786 809.144813
-877.463350 612.819364
497.502205 -133.276891
553.747324 117.693731
-336.371875 -331.611651
458.092138 354.758291
717.334232 -219.677034
525.972895 10.378436
400.231099 452.730598
-833.107947 -525.372250
-110.444121 201.320320
74.557834 -940.026111
-431.367716 971.245785
806.984599 504.214225
-921.995908 -190.837454
921.962017 966.291507
885.723558 335.888575
-235.547415 406.318124
83.407567 866.393033
-467.272946 -534.447617
-750.303262 -497.695321
202.116470 -746.101555
2.701495 56.525594
498.200492 418.311232
-959.863251 -694.705490
246.461140 38.332702
-76.565348 24.497670
-351.289759 710.312644
734.827191 -429.424418
531.978845 586.605108
31.207994 318.285158
51.858471 -729.424545
-661.131440 -127.030921
561.132738 990.153724
-982.484585 -1.658013
391.548265 184.420236
86.973393 851.711251
-96.703367 865.867929
453.147472 236.284092
-638.700210 82.650632
524.540797 -753.301247
-590.011598 -452.011913
-559.059692 632.018765
-783.830472 15.092027
-314.592781 -779.884488
-765.529916 234.895172
-197.469663 -767.320265
545.548014 365.796304
349.271077 -660.908603
-187.635546 272.668432
-744.069824 -176.354992
-591.567217 111.941738
-145.198576 -58.686289
805.580197 846.820301
-236.916000 716.842722
224.159555 719.915051
-978.900690 -731.970863
73.229516 -889.812745
-710.610318 -378.926824
