320
-226.967573 689.013197
808.814742 -38.514299
-862.221004 870.050762
643.415854 -139.731681
-158.379985 -436.189940
21.846303 723.739101
-78.512649 906.844765
-539.345623 243.839621
-957.084045 463.164054
7.944297 -307.879750
381.652117 572.803781
-555.369303 -10.996914
424.961202 -375.905506
844.299136 -653.304604
522.244156 16.001529
-582.974576 -348.522623
300.020342 -220.378531
-973.522145 623.557126
-153.531100 46.401766
429.969525 -821.813591
-518.249357 -132.250477
-149.683070 -933.346973
-523.870770 -22.069196
7.483756 -337.865194
-217.548523 116.028094
771.379809 -114.070016
938.058979 -548.240858
351.102130 -334.537026
158.332831 -86.072709
-489.548320 891.348537
110.907959 -161.488197
457.682298 513.598492
247.928530 -813.770857
-8.649896 -17.009036
-520.512513 211.576136
-380.810408 -210.954745
784.828646 540.172687
184.864873 -188.422062
-596.043250 66.461864
667.486579 -54.165755
922.643699 -559.882541
935.711100 644.741143
-775.332477 -882.066892
-615.230706 -337.923550
778.083083 -54.128092
312.242623 194.426574
986.407383 432.340445
-550.143848 561.874124
-208.128918 714.885564
493.482727 -830.203010
414.089420 42.228780
706.948753 675.621303
-228.657223 -31.098588
804.956437 776.752507
925.708587 215.000881
-78.319055 393.241806
-63.769474 532.484949
-206.944451 316.309817
-921.073623 -917.374886
657.269316 375.277102
-909.755310 -924.929577
324.706008 -214.681089
-147.596418 614.863163
-692.842547 956.371085
-377.202484 413.230887
-359.086091 -533.508721
-941.435772 -527.541358
591.544170 -53.159043
38.573495 74.045084
-11.997281 -537.171892
-795.739202 488.925487
-189.446351 290.838956
-927.539249 -363.177478
-545.741405 -646.994596
131.462852 -716.517386
-249.985303 -645.828031
834.482472 -497.106476
468.886992 660.404147
180.768244 -486.103083
-107.921252 697.842080
-784.200933 840.588105
-487.765487 -371.514769
-522.975052 -682.475423
-59.013079 107.516952
-842.948515 569.882866
-21.456994 383.409219
864.626967 -468.776264
120.680284 425.335911
-843.369441 -176.430992
-395.453942 45.433742
628.894249 31.798062
846.915030 -686.928368
-211.271241 73.494898
472.399870 852.417343
-881.304150 900.957685
-563.038405 90.592213
413.233322 13.819500
-544.169792 -689.827524
420.147966 430.269595
682.567569 534.141631
-223.773287 352.116251
760.013497 516.436121
-78.894676 982.160213
-254.410580 -564.252162
623.399544 -883.387627
-296.840484 -195.182442
-915.835306 -942.181047
142.756288 -742.923342
673.054770 -303.326279
490.834530 -36.611571
-978.672731 446.101610
163.673747 -342.411943
998.116664 -863.381274
642.536295 616.987827
-234.604229 -146.270795
-310.689479 -512.061922
-263.035601 551.047975
-87.391542 633.964771
913.615750 830.518626
-991.244764 -240.599017
483.125772 -617.212611
-320.663981 -407.863664
635.494267 718.455239
-918.820515 -786.451317
396.409401 -16.391031
25.280187 -468.889590
-373.552722 -140.397514
-240.842284 489.711577
724.305782 -941.170614
754.372532 -969.818911
-369.156794 859.966270
-992.899452 157.093200
-249.878855 -472.660717
332.154482 -76.890899
628.999826 -4.789155
596.970841 358.849865
569.190046 -427.505778
-411.834160 -949.508852
207.042200 -786.133770
764.554756 816.749480
-391.846715 -273.076117
-373.289370 -480.230873
-386.393925 181.040513
-408.567189 587.136891
-900.670572 -995.194547
-454.245658 329.682971
872.806538 600.643017
-815.000828 -187.429807
802.051350 619.132436
-567.110653 -111.177860
55.942210 681.323861
-941.532028 -438.613473
97.805142 -859.108923
49.775422 236.388202
-444.028387 921.788243
583.270637 -347.850229
-485.065329 -652.663312
590.373915 799.313449
-784.233483 -941.340881
964.806045 620.809487
134.270303 -212.448741
-744.243114 412.785909
514.583838 624.936617
308.366784 -963.655578
19.548724 -49.950808
-979.483515 -269.430177
756.908615 154.588356
-996.863076 -935.528506
393.446446 594.370857
534.817453 -344.666171
70.607998 512.843786
-951.820612 -410.398830
-980.081725 -613.754741
167.216167 -221.325141
386.764992 -354.262096
-85.454828 750.203533
-818.617942 -325.297756
643.613365 -342.089002
-711.567353 -28.538319
264.467288 820.798619
730.028092 -901.181940
607.999936 -0.841476
176.957976 -32.053614
585.949843 -791.538425
-812.440387 -64.007117
292.999278 412.991159
-921.530970 -598.234729
751.133952 -963.309551
611.943913 470.449620
-327.778351 359.208771
659.418172 -856.029939
807.492334 56.688891
214.133753 -284.772178
-767.369336 948.853157
-481.689143 451.708750
-103.273097 379.800396
-420.999386 -188.423354
414.053136 -847.485180
-697.621167 518.714042
100.109801 -589.092309
-576.515607 -194.043064
347.494036 895.331320
-701.153478 292.191524
757.108598 -306.165981
358.600018 -598.792360
213.837311 -455.235788
899.778880 674.779906
329.007898 366.316330
-577.197931 653.748413
-214.581264 -351.691307
-141.343786 326.455586
21.638687 480.588669
-594.704947 823.652617
875.735195 -723.879326
-370.953524 -976.455884
-305.513412 867.814615
-472.912665 524.724518
-817.892975 548.924367
312.314056 -298.037548
169.280956 999.271909
-451.103432 -1.275616
-32.437642 815.313769
957.075294 -582.418056
-990.194743 -670.789080
-995.375225 -181.550228
920.466950 -70.180039
-580.771950 -390.848197
-283.640072 345.635427
-371.249785 701.593680
712.255580 704.317363
-900.754618 -509.852349
833.644498 -101.123686
-678.166288 891.840810
714.367354 -884.924564
409.995754 -720.974112
965.314070 -0.510377
-388.978542 -856.354002
-272.459608 -226.066778
-686.384890 948.217625
-976.546235 -463.350574
422.102902 442.002955
-897.421500 -15.083898
285.108006 56.070213
-358.969999 682.317300
-83.373041 -861.524768
-765.992200 846.590477
-358.990308 884.871091
-730.056910 681.405762
-631.683294 229.139558
-388.258281 -981.899956
-283.807511 954.223430
647.132639 -273.650672
422.632225 -278.731224
-209.897171 530.867947
-542.510139 93.571156
911.861573 -34.503276
-83.284709 645.235747
-933.336957 -831.996248
-956.549106 129.533624
-132.657210 961.904219
-368.858566 -91.381260
-98.073243 -440.917602
-271.403369 428.800174
-495.999908 199.833261
259.012268 647.414732
853.659458 166.822867
-363.629195 120.934435
-258.928500 -904.348341
257.482928 -578.300619
318.956944 -488.176151
894.575149 -735.485031
-923.060983 209.975039
-642.249693 -829.699821
-158.306208 -502.195921
-410.210930 -946.043334
-746.644445 -570.226288
617.043340 -285.849305
-826.933542 934.441871
-255.920757 -899.385246
-151.193061 512.448793
764.658579 -33.022504
94.213150 771.727982
-343.132952 -589.904260
361.043363 -917.222592
-115.042116 -242.373147
608.480649 -407.785932
-578.034471 933.956982
-152.526751 -351.139754
686.982973 -463.423750
838.485972 -198.048273
-157.236350 744.677948
135.383389 -528.508409
540.472119 -719.435596
30.407364 -780.684011
-755.341045 -257.556549
629.820884 -327.372118
258.697007 -25.874136
32.260179 -266.827923
-571.060366 -384.848950
534.218632 609.042356
360.641043 371.399468
482.407220 -742.561838
161.544532 995.131179
771.469846 -865.799313
554.216386 651.709391
-312.256657 -801.939914
-549.987518 -2.456725
714.693974 429.656740
-895.913121 -973.580570
-203.167623 972.731978
213.557381 969.226715
19.798185 970.401614
34.540865 -787.068673
-448.091934 370.421250
848.932767 -889.913725
-374.861732 724.044205
456.967805 294.189740
-353.697784 747.765756
-681.913080 -536.946276
-127.904874 200.790026
