224
-705.090729 281.372852
912.747913 -631.794362
82.802222 14.474679
-601.161603 971.532042
781.709567 -847.271320
514.021470 -578.872657
581.837226 -918.516694
-602.553760 -797.323382
208.852339 281.350201
-439.635719 -858.137088
342.637834 -600.429599
983.809196 -37.456493
942.284581 769.094821
619.920626 486.722538
-805.784847 -97.981807
-265.470912 164.536741
743.505131 139.868586
-788.766105 164.168498
-97.758590 361.744030
-486.237581 96.244358
-733.591158 445.646606
703.788023 921.420986
793.339369 723.629488
241.738684 -494.156773
-852.314491 863.593251
-455.259127 -873.874963
-833.492973 186.818686
-696.614045 -399.393732
-661.411544 64.907592
871.718577 -237.182473
318.095796 -415.497298
-180.986886 -382.092130
-576.807672 917.652441
-811.203045 -773.650500
208.222433 181.184056
658.659422 254.200086
185.139046 507.225789
576.166747 547.324158
571.237067 -127.318801
163.135976 -685.186310
-870.946633 -420.325420
-641.069374 -818.305324
428.260460 -443.109978
-209.806939 326.907063
556.524887 728.192356
-213.499097 636.261659
-165.094258 -742.585389
-585.906549 -214.105684
503.860190 920.433389
669.762323 -920.099136
978.331421 923.691574
899.335279 -589.672122
304.789926 983.526092
269.458539 -236.423774
668.807520 -655.410515
-894.525972 -149.754982
-561.293398 -401.048216
633.911295 -234.625277
-968.371190 62.278595
955.561032 654.341377
53.291630 -29.218181
554.661096 -500.176678
-893.057744 714.649010
-389.125671 726.011089
696.251353 120.334539
813.913282 416.958147
47.256927 -713.118104
566.133111 -943.781954
-287.590396 680.401573
-641.199308 991.428018
-671.506612 -236.144204
-523.641737 576.488252
583.832911 -989.256427
-127.040576 -93.076324
-881.329909 162.138014
-92.662091 380.083020
885.528256 -725.012934
-365.680976 704.114692
232.512297 853.971572
859.781672 520.411731
-460.593106 925.193318
81.986887 6.153822
314.789142 385.711201
376.436655 -984.606981
-290.676705 -289.317319
-822.694761 576.849012
-197.118097 -2.644794
577.059680 -924.734474
-283.975220 70.304993
-687.391790 -360.414682
951.370051 -264.148323
363.850411 72.112237
-551.797527 279.964641
654.120376 74.250207
130.236872 275.622183
519.198795 -638.250661
441.475363 463.455517
807.131203 -451.348149
509.811225 -747.832666
-267.197840 639.520297
155.521526 309.381406
642.086573 336.451316
159.304006 -868.714981
-543.043985 -343.578053
327.912596 330.204700
753.910908 270.595629
-810.496504 422.389032
857.478257 -547.026005
165.591314 551.682236
-273.969790 -51.042890
888.217082 -789.581658
311.884868 311.464051
469.694724 -28.172900
-736.919935 -643.584245
-658.697894 258.886354
594.705276 -945.844089
-960.493133 952.600482
-163.315384 704.310937
-229.897233 244.755669
-583.399165 -136.992727
-933.800895 80.276000
-701.826228 368.538812
509.255391 -509.198547
318.033638 37.215434
867.782392 172.532524
734.921163 178.271947
967.245423 396.933515
932.272038 -632.716916
846.157406 448.148339
11.643872 161.226060
-312.790787 -700.103483
355.439292 -253.517928
103.285676 599.258460
-785.782475 685.804057
329.292938 -123.496775
-91.247984 -520.588887
-851.445500 288.546117
143.608434 -610.835417
-479.687804 -387.144119
810.940566 -486.319433
-759.980364 997.799993
-483.972763 922.909729
451.273819 712.243790
797.467666 -394.655693
119.251662 683.575649
-855.154049 399.671215
-49.259499 -920.046438
-256.384661 -863.274375
-438.634559 814.654897
832.495602 -839.110702
14.679256 621.115472
803.617812 300.176364
789.405421 -374.118256
700.591686 -65.182136
45.819032 -742.085846
696.526321 471.681838
161.438000 286.473564
-137.259241 120.102492
266.392821 34.852322
-541.544956 -918.689076
523.873033 -258.609774
839.880628 443.312629
-244.155311 532.833902
-811.141061 -530.119159
69.821935 -368.601292
-111.105303 -665.739127
-715.299295 -658.707986
-923.055698 -11.270240
-808.398820 520.921788
496.596113 -571.939373
-77.330289 877.148522
775.197148 -483.968161
57.824381 -315.552021
-110.067216 -868.135241
786.641575 824.503026
-747.776383 -593.775195
34.472779 -405.017458
-891.724149 -706.019381
-598.686208 -307.311275
295.691193 -925.040252
61.017749 775.283819
-72.229354 -346.169765
-496.522801 717.371358
-669.618823 -85.873221
-740.716280 719.297813
-852.280589 -213.283162
-868.708604 -261.190752
648.948057 -244.243255
-957.092528 -279.853473
56.306790 841.349743
-325.790481 -231.541129
-140.782728 -148.037443
48.255035 951.410301
167.185404 473.473108
801.313664 -549.638457
14.949455 564.240586
539.328311 879.303148
72.364228 -161.085377
-973.084691 502.272351
410.023749 266.713539
871.022308 -204.875371
474.768835 -909.889494
486.091284 -397.379301
-416.871615 -380.624932
-503.935752 -875.864147
415.295369 -211.063516
138.844818 -736.636876
-71.683191 -694.370926
-86.031825 401.130773
632.453580 464.794324
-95.273793 703.930019
862.173519 34.278526
863.178217 -499.475660
-453.803538 -278.484138
465.628836 -120.834278
-235.361514 971.674720
-565.379936 216.434448
-956.462229 568.987358
-302.709827 -60.208506
69.297269 164.221817
386.633444 386.001568
-733.673432 645.284952
618.732436 11.172113
-321.636725 -631.580843
