144
959.687472 406.602491
-608.983823 735.770310
334.408469 -418.091865
65.222420 -49.733216
-615.387043 -359.914303
-580.595959 -320.649574
577.145557 -325.406123
-474.999897 -73.441871
951.102628 561.765311
-757.725346 38.571724
863.654323 767.645596
-129.462878 906.002598
-555.330562 399.808814
117.966600 -227.933826
-672.716540 622.642192
-268.354300 54.495506
-584.465689 -421.516446
488.481190 677.298197
51.102498 184.608557
423.701026 -155.215604
531.479872 107.529211
-317.855996 -506.954945
-387.476811 -901.437042
551.466113 -799.252662
-2.955015 -811.736943
-532.428684 -653.109785
413.794287 -437.772526
358.516874 22.904863
-354.670209 373.844157
261.505500 927.116372
-918.641960 -6.552924
749.050026 -202.437308
957.938587 -791.327704
264.342771 662.708066
515.009640 -218.508188
-958.916756 -931.733632
-386.281223 -42.719566
716.971648 -811.188621
618.325312 -357.837256
745.664077 282.074148
437.497746 -704.504450
-184.894790 20.829245
278.146130 525.733656
-34.535805 265.463524
-156.394624 201.161403
-728.464379 -295.565293
539.804679 434.890266
-174.944382 -133.263628
261.161188 775.439238
-416.616655 -346.844624
858.594773 -310.684050
-602.925380 -467.979465
-131.247815 268.969932
-635.391886 -976.627086
556.445441 -929.986145
164.732975 824.235853
240.102237 89.807239
985.424790 -904.939034
139.863639 -258.567896
-369.258070 297.992435
3.768719 476.174578
999.231969 -148.730357
-232.456229 855.573713
-365.257570 -82.606407
-535.177457 -839.658917
525.489976 -341.941505
717.062188 639.280443
360.993658 -730.110902
830.678504 132.294084
-673.974959 -109.656891
778.174241 -330.790398
-198.278116 -566.079573
-622.605820 -203.962938
881.841746 705.344485
-819.330514 -390.730947
-638.581090 895.092359
-977.261491 -777.072870
-485.962841 -843.398834
-988.616801 -774.188423
-988.393481 -689.725367
-761.029868 786.396014
-823.793931 795.069575
800.122249 -750.270311
-712.399872 -287.039635
-55.420618 383.741951
-241.522010 -364.354465
929.128753 623.084346
-285.489276 879.141095
711.365651 741.722245
711.092782 -267.181713
640.259894 548.557364
269.374750 833.642069
16.849681 -778.240225
47.295434 -442.044370
686.431674 -960.508829
327.029141 -918.101984
235.142155 -0.593764
-664.938698 495.279489
155.628426 -152.601275
134.374529 -113.897844
-537.411208 -34.155134
-158.790534 398.822911
-348.002486 140.839183
392.777201 452.582704
466.877447 -710.310906
60.247518 129.285642
-371.514066 97.464307
890.270176 182.587191
-889.722327 109.876780
-220.184813 792.225735
765.868804 -891.204984
-957.650768 181.911906
-86.947248 224.268978
54.173453 631.402138
-301.211265 -719.111220
-845.123863 573.016258
917.335571 -604.029881
426.950486 -777.219583
433.323059 -898.859451
-517.309654 457.067096
-580.987798 808.298193
62.640749 -410.343466
866.592444 -854.780768
663.028492 -120.674940
163.992103 938.969640
175.348493 -5.099124
-485.928822 264.710390
-72.378610 438.828053
-475.645116 -675.093016
968.159217 -369.080387
-951.890565 583.928950
-977.094274 105.646068
-413.944742 561.766198
-926.768038 -517.219963
46.349249 -70.801232
500.464276 968.622075
-984.551162 -303.515561
-702.523483 783.444668
458.598169 -319.588622
84.232580 423.496886
-502.052479 935.968213
-670.671811 -567.255598
-371.695092 295.125767
-259.492857 -808.685691
